1564422521 28.0357
1564422519 27.9341
1564422521 28.0696
1564422520 27.968
1564422521 28.0696
1564422520 28.0019
1564422521 28.1034
1564422520 28.0357
1564422522 28.1034
1564422520 28.0019
1564422522 28.1373
1564422520 28.0357
1564422522 28.1373
1564422522 28.1034
1564422523 28.1711
1564422523 28.1373
1564422523 28.1373
1564422523 28.1711
1564422523 28.1711
1564422524 28.1373
1564422524 28.1711
1564422524 28.1711
1564422524 28.205
1564422524 28.205
1564422524 28.205
1564422525 28.2389
1564422525 28.205
1564422525 28.205
1564422525 28.205
1564422525 28.205
1564422526 28.205
1564422526 28.2389
1564422526 28.2389
1564422526 28.205
1564422526 28.205
1564422527 28.205
1564422527 28.205
1564422527 28.1711
1564422527 28.1711
1564422527 28.205
1564422527 28.205
1564422528 28.205
1564422528 28.205
1564422528 28.205
1564422528 28.1711
1564422528 28.205
1564422529 28.205
1564422529 28.205
1564422529 28.205
1564422529 28.205
1564422529 28.205
1564422530 28.205
1564422530 28.2389
1564422530 28.2389
1564422530 28.2389
1564422530 28.2389
1564422530 28.2389
1564422531 28.2389
1564422531 28.2389
1564422531 28.2389
1564422531 28.2389
1564422531 28.2727
1564422532 28.2727
1564422532 28.2727
1564422532 28.2727
1564422532 28.2727
1564422532 28.2727
1564422532 28.3066
1564422533 28.2389
1564422533 28.2727
1564422533 28.2727
1564422533 28.2727
1564422533 28.2727
1564422534 28.2727
1564422534 28.3066
1564422534 28.2727
1564422534 28.3066
1564422534 28.3066
1564422535 28.3066
1564422535 28.3066
1564422535 28.3066
1564422535 28.3066
1564422535 28.3066
1564422535 28.3066
1564422536 28.3404
1564422536 28.3066
1564422536 28.3404
1564422536 28.3404
1564422536 28.3066
1564422537 28.3066
1564422537 28.3066
1564422537 28.3066
1564422537 28.3404
1564422537 28.3066
1564422537 28.3066
1564422538 28.3404
1564422538 28.3404
1564422538 28.3066
1564422538 28.3404
1564422538 28.3066
1564422539 28.3066
1564422539 28.3066
1564422539 28.3404
1564422539 28.3066
1564422539 28.3066
1564422540 28.3066
1564422540 28.3066
1564422540 28.3066
1564422540 28.3066
1564422540 28.3404
1564422540 28.3404
1564422541 28.3066
1564422541 28.3404
1564422541 28.3404
1564422541 28.3066
1564422541 28.3066
1564422542 28.3404
1564422542 28.3404
1564422542 28.3404
1564422542 28.3404
1564422542 28.3066
1564422543 28.3066
1564422543 28.3066
1564422543 28.3404
1564422543 28.3404
1564422543 28.3066
1564422543 28.3404
1564422544 28.3404
1564422544 28.3404
1564422544 28.3743
1564422544 28.3404
1564422544 28.3404
1564422545 28.3404
1564422545 28.3404
1564422545 28.3404
1564422545 28.3743
1564422545 28.3404
1564422545 28.3404
1564422546 28.3404
1564422546 28.3743
1564422546 28.3743
1564422546 28.3404
1564422546 28.3404
1564422547 28.3743
1564422547 28.3404
1564422547 28.3404
1564422547 28.3743
1564422547 28.3404
1564422547 28.3404
1564422548 28.3743
1564422548 28.3404
1564422548 28.3404
1564422548 28.3404
1564422548 28.3743
1564422549 28.3404
1564422549 28.3404
1564422549 28.3404
1564422549 28.3743
1564422549 28.3404
1564422550 28.3404
1564422550 28.3404
1564422550 28.3743
1564422550 28.3404
1564422550 28.3743
1564422550 28.3743
1564422551 28.3404
1564422551 28.3743
1564422551 28.3404
1564422551 28.3743
1564422551 28.3743
1564422552 28.3743
1564422552 28.3743
1564422552 28.4082
1564422552 28.3743
1564422552 28.3743
1564422553 28.3743
1564422553 28.4082
1564422553 28.3743
1564422553 28.4082
1564422553 28.3743
1564422553 28.3743
1564422554 28.3404
1564422554 28.3743
1564422554 28.3404
1564422554 28.3404
1564422554 28.3743
1564422555 28.3743
1564422555 28.3743
1564422555 28.3743
1564422555 28.3743
1564422555 28.3743
1564422555 28.3743
1564422556 28.3404
1564422556 28.3743
1564422556 28.3743
1564422556 28.3743
1564422556 28.3743
1564422557 28.3404
1564422557 28.3743
1564422557 28.3404
1564422557 28.3404
1564422557 28.3743
1564422558 28.3743
1564422558 28.3404
1564422558 28.3743
1564422558 28.3743
1564422558 28.3743
1564422558 28.3743
1564422559 28.3404
1564422559 28.3743
1564422559 28.3743
1564422559 28.3743
1564422559 28.3743
1564422560 28.3743
1564422560 28.3404
1564422560 28.3743
1564422560 28.3743
1564422560 28.3743
1564422561 28.3404
1564422561 28.3743
1564422561 28.3743
1564422561 28.3743
1564422561 28.3743
1564422561 28.3743
1564422562 28.3743
1564422562 28.3743
1564422562 28.3743
1564422562 28.3743
1564422562 28.3743
1564422563 28.3743
1564422563 28.4082
1564422563 28.3743
1564422563 28.3743
1564422563 28.4082
1564422563 28.4082
1564422564 28.3743
1564422564 28.3743
1564422564 28.4082
1564422564 28.4082
1564422564 28.4082
1564422565 28.3743
1564422565 28.4082
1564422565 28.3743
1564422565 28.4082
1564422565 28.3743
1564422565 28.3743
1564422566 28.3743
1564422566 28.3743
1564422566 28.3743
1564422566 28.3743
1564422566 28.3743
1564422567 28.3743
1564422567 28.3743
1564422567 28.3404
1564422567 28.3404
1564422567 28.3743
1564422568 28.3743
1564422568 28.4082
1564422568 28.4082
1564422568 28.3743
1564422568 28.3743
1564422568 28.3743
1564422569 28.3743
1564422569 28.4082
1564422569 28.4082
1564422569 28.3743
1564422569 28.3743
1564422570 28.4082
1564422570 28.3404
1564422570 28.3743
1564422570 28.3743
1564422570 28.3404
1564422571 28.3743
1564422571 28.3743
1564422571 28.3743
1564422571 28.3743
1564422571 28.3743
1564422571 28.3743
1564422572 28.3743
1564422572 28.4082
1564422572 28.4082
1564422572 28.3743
1564422572 28.4082
1564422573 28.3743
1564422573 28.3743
1564422573 28.3743
1564422573 28.3743
1564422573 28.3743
1564422573 28.4082
1564422574 28.3743
1564422574 28.3743
1564422574 28.3743
1564422574 28.3743
1564422574 28.3743
1564422575 28.4082
1564422575 28.4082
1564422575 28.3743
1564422575 28.4082
1564422575 28.3743
1564422575 28.4082
1564422576 28.3743
1564422576 28.4082
1564422576 28.4082
1564422576 28.4082
1564422576 28.3743
1564422577 28.3743
1564422577 28.4082
1564422577 28.3743
1564422577 28.3743
1564422577 28.3743
1564422578 28.4082
1564422578 28.3743
1564422578 28.3743
1564422578 28.4082
1564422578 28.4082
1564422578 28.3743
